Memory blocks:
  Headers 0x00400000 - 0x004003ff (1023 bytes)
  .text 0x00401000 - 0x00b949ff (7944703 bytes)
  .itext 0x00b95000 - 0x00b9b5ff (26111 bytes)
  .data 0x00b9c000 - 0x00baafff (61439 bytes)
  .bss 0x00bab000 - 0x00cbd373 (1123187 bytes)
  .idata 0x00cbe000 - 0x00cc29ff (18943 bytes)
  .didata 0x00cc3000 - 0x00cc3bff (3071 bytes)
  .edata 0x00cc4000 - 0x00cc41ff (511 bytes)
  .tls 0x00cc5000 - 0x00cc505b (91 bytes)
  .rdata 0x00cc6000 - 0x00cc61ff (511 bytes)
  .reloc 0x00cc7000 - 0x00d52fff (573439 bytes)
  .rsrc 0x00d53000 - 0x011529ff (4192767 bytes)

Scanning for uint16 quantile arrays...
Found 170 sorted uint16 arrays

@ 0x00ba10e8 (ratio=769.0):
  [1, 2, 3, 4, 5, 7, 9, 13, 17, 25, 33, 49, 65, 97, 129, 193, 257, 385, 513, 769]
  -> Increasing, possibly stability-related

@ 0x00ba10fc (ratio=744.8):
  [33, 49, 65, 97, 129, 193, 257, 385, 513, 769, 1025, 1537, 2049, 3073, 4097, 6145, 8193, 12289, 16385, 24577]

@ 0x00ba10f8 (ratio=722.9):
  [17, 25, 33, 49, 65, 97, 129, 193, 257, 385, 513, 769, 1025, 1537, 2049, 3073, 4097, 6145, 8193, 12289]

@ 0x00ba10f4 (ratio=682.8):
  [9, 13, 17, 25, 33, 49, 65, 97, 129, 193, 257, 385, 513, 769, 1025, 1537, 2049, 3073, 4097, 6145]

@ 0x00ba10fa (ratio=655.4):
  [25, 33, 49, 65, 97, 129, 193, 257, 385, 513, 769, 1025, 1537, 2049, 3073, 4097, 6145, 8193, 12289, 16385]

@ 0x00ba10f6 (ratio=630.2):
  [13, 17, 25, 33, 49, 65, 97, 129, 193, 257, 385, 513, 769, 1025, 1537, 2049, 3073, 4097, 6145, 8193]

@ 0x00ba10f0 (ratio=614.6):
  [5, 7, 9, 13, 17, 25, 33, 49, 65, 97, 129, 193, 257, 385, 513, 769, 1025, 1537, 2049, 3073]
  -> APPROXIMATELY LOG-SPACED - POSSIBLY STABILITY BOUNDARIES

@ 0x00ba10f2 (ratio=585.3):
  [7, 9, 13, 17, 25, 33, 49, 65, 97, 129, 193, 257, 385, 513, 769, 1025, 1537, 2049, 3073, 4097]
  -> APPROXIMATELY LOG-SPACED - POSSIBLY STABILITY BOUNDARIES

@ 0x00ba17aa (ratio=514.0):
  [5, 256, 770, 1028, 1285, 1542, 1542, 1799, 1799, 2056, 2056, 2056, 2056, 2313, 2313, 2313, 2313, 2570, 2570, 2570]
  -> Increasing, possibly stability-related

@ 0x00ba10ea (ratio=512.5):
  [2, 3, 4, 5, 7, 9, 13, 17, 25, 33, 49, 65, 97, 129, 193, 257, 385, 513, 769, 1025]
  -> APPROXIMATELY LOG-SPACED - POSSIBLY STABILITY BOUNDARIES

@ 0x00ba10ec (ratio=512.3):
  [3, 4, 5, 7, 9, 13, 17, 25, 33, 49, 65, 97, 129, 193, 257, 385, 513, 769, 1025, 1537]
  -> APPROXIMATELY LOG-SPACED - POSSIBLY STABILITY BOUNDARIES

@ 0x00ba10ee (ratio=512.2):
  [4, 5, 7, 9, 13, 17, 25, 33, 49, 65, 97, 129, 193, 257, 385, 513, 769, 1025, 1537, 2049]
  -> APPROXIMATELY LOG-SPACED - POSSIBLY STABILITY BOUNDARIES

@ 0x00b7de70 (ratio=225.2):
  [257, 257, 513, 770, 771, 771, 1027, 1541, 1542, 1798, 1799, 2312, 2313, 2569, 2827, 3084, 3084, 3084, 3084, 57871]

@ 0x00b7e6d8 (ratio=183.9):
  [256, 257, 513, 514, 770, 771, 1027, 1028, 1284, 1285, 1541, 1542, 1798, 1799, 2055, 2056, 2312, 2313, 37129, 47080]

@ 0x0109b5fa (ratio=129.5):
  [255, 255, 255, 255, 255, 255, 255, 255, 255, 255, 255, 255, 255, 255, 255, 255, 255, 255, 255, 33023]

@ 0x00ba82c8 (ratio=125.0):
  [257, 257, 257, 257, 257, 257, 257, 257, 257, 257, 257, 257, 24927, 25955, 26983, 28011, 29039, 30067, 31095, 32123]

@ 0x00ba82c6 (ratio=121.0):
  [257, 257, 257, 257, 257, 257, 257, 257, 257, 257, 257, 257, 257, 24927, 25955, 26983, 28011, 29039, 30067, 31095]

@ 0x01018938 (ratio=120.0):
  [514, 514, 514, 514, 514, 514, 514, 514, 514, 514, 514, 514, 514, 514, 514, 514, 1026, 1028, 1028, 61705]

@ 0x01018392 (ratio=120.0):
  [514, 514, 514, 514, 514, 514, 514, 514, 514, 514, 514, 514, 514, 514, 514, 514, 514, 514, 514, 61698]

@ 0x010184b0 (ratio=120.0):
  [514, 514, 514, 514, 514, 514, 514, 514, 514, 514, 514, 514, 514, 514, 514, 514, 514, 514, 514, 61698]

@ 0x01018664 (ratio=118.0):
  [514, 514, 514, 514, 514, 514, 514, 514, 514, 514, 514, 514, 514, 514, 514, 514, 514, 1026, 1028, 60652]

@ 0x010186f4 (ratio=118.0):
  [514, 514, 514, 514, 514, 514, 514, 514, 514, 514, 514, 514, 514, 514, 514, 514, 514, 1026, 60420, 60652]

@ 0x01018784 (ratio=118.0):
  [514, 514, 514, 514, 514, 514, 514, 514, 514, 514, 514, 514, 514, 514, 514, 514, 514, 1026, 1028, 60652]

@ 0x010185d4 (ratio=117.5):
  [514, 514, 514, 514, 514, 514, 514, 514, 514, 514, 514, 514, 514, 514, 514, 514, 514, 1026, 1028, 60420]

@ 0x010186f2 (ratio=117.5):
  [514, 514, 514, 514, 514, 514, 514, 514, 514, 514, 514, 514, 514, 514, 514, 514, 514, 514, 1026, 60420]

@ 0x01018814 (ratio=117.5):
  [514, 514, 514, 514, 514, 514, 514, 514, 514, 514, 514, 514, 514, 514, 514, 514, 514, 1026, 1028, 60420]

@ 0x00ba82c4 (ratio=117.0):
  [257, 257, 257, 257, 257, 257, 257, 257, 257, 257, 257, 257, 257, 257, 24927, 25955, 26983, 28011, 29039, 30067]

@ 0x010be430 (ratio=115.9):
  [255, 255, 255, 255, 255, 255, 255, 255, 255, 255, 255, 255, 255, 255, 255, 255, 255, 255, 255, 29555]

@ 0x00ba82c2 (ratio=113.0):
  [257, 257, 257, 257, 257, 257, 257, 257, 257, 257, 257, 257, 257, 257, 257, 24927, 25955, 26983, 28011, 29039]

@ 0x00ba82c0 (ratio=109.0):
  [257, 257, 257, 257, 257, 257, 257, 257, 257, 257, 257, 257, 257, 257, 257, 257, 24927, 25955, 26983, 28011]

@ 0x00ba82be (ratio=105.0):
  [257, 257, 257, 257, 257, 257, 257, 257, 257, 257, 257, 257, 257, 257, 257, 257, 257, 24927, 25955, 26983]

@ 0x00ba82bc (ratio=101.0):
  [257, 257, 257, 257, 257, 257, 257, 257, 257, 257, 257, 257, 257, 257, 257, 257, 257, 257, 24927, 25955]

@ 0x00ba82ba (ratio=97.0):
  [257, 257, 257, 257, 257, 257, 257, 257, 257, 257, 257, 257, 257, 257, 257, 257, 257, 257, 257, 24927]

@ 0x00b79eb4 (ratio=91.5):
  [514, 514, 770, 771, 771, 1028, 1028, 1284, 1285, 1285, 1542, 1542, 1798, 1799, 1799, 2056, 2056, 2312, 20490, 47010]

@ 0x011031f4 (ratio=84.7):
  [771, 771, 771, 771, 771, 771, 771, 771, 771, 771, 771, 771, 771, 771, 771, 771, 771, 771, 771, 65283]

@ 0x01103b14 (ratio=84.7):
  [771, 771, 771, 771, 771, 771, 771, 771, 771, 771, 771, 771, 771, 771, 771, 771, 771, 771, 771, 65283]

@ 0x01104d02 (ratio=84.7):
  [771, 771, 771, 771, 771, 771, 771, 771, 771, 771, 771, 771, 771, 771, 771, 771, 771, 771, 771, 65283]

@ 0x0110ff3a (ratio=84.7):
  [771, 771, 771, 771, 771, 771, 771, 771, 771, 771, 771, 771, 771, 771, 771, 771, 771, 771, 771, 65283]

@ 0x01117220 (ratio=82.7):
  [771, 771, 771, 771, 771, 771, 771, 771, 771, 771, 771, 771, 771, 771, 771, 771, 771, 771, 771, 63736]

@ 0x00b79eb2 (ratio=79.7):
  [257, 514, 514, 770, 771, 771, 1028, 1028, 1284, 1285, 1285, 1542, 1542, 1798, 1799, 1799, 2056, 2056, 2312, 20490]

@ 0x010be71c (ratio=79.3):
  [255, 255, 255, 255, 255, 255, 255, 255, 255, 255, 255, 255, 255, 255, 255, 255, 255, 255, 255, 20231]

@ 0x00ba9260 (ratio=73.0):
  [1, 1, 1, 1, 1, 1, 1, 1, 1, 1, 1, 65, 66, 67, 68, 69, 70, 71, 72, 73]
  -> Increasing, possibly stability-related

@ 0x00ba925e (ratio=72.0):
  [1, 1, 1, 1, 1, 1, 1, 1, 1, 1, 1, 1, 65, 66, 67, 68, 69, 70, 71, 72]
  -> Increasing, possibly stability-related

@ 0x00ba925c (ratio=71.0):
  [1, 1, 1, 1, 1, 1, 1, 1, 1, 1, 1, 1, 1, 65, 66, 67, 68, 69, 70, 71]
  -> Increasing, possibly stability-related

@ 0x00ba925a (ratio=70.0):
  [1, 1, 1, 1, 1, 1, 1, 1, 1, 1, 1, 1, 1, 1, 65, 66, 67, 68, 69, 70]
  -> Increasing, possibly stability-related

@ 0x005a8b0c (ratio=69.7):
  [514, 514, 770, 771, 771, 1028, 1028, 1284, 1285, 1285, 1542, 1542, 1798, 1799, 1799, 2056, 2056, 2312, 2826, 35842]

@ 0x00ba9258 (ratio=69.0):
  [1, 1, 1, 1, 1, 1, 1, 1, 1, 1, 1, 1, 1, 1, 1, 65, 66, 67, 68, 69]
  -> Increasing, possibly stability-related

@ 0x00ba9256 (ratio=68.0):
  [1, 1, 1, 1, 1, 1, 1, 1, 1, 1, 1, 1, 1, 1, 1, 1, 65, 66, 67, 68]
  -> Increasing, possibly stability-related

@ 0x00ba9254 (ratio=67.0):
  [1, 1, 1, 1, 1, 1, 1, 1, 1, 1, 1, 1, 1, 1, 1, 1, 1, 65, 66, 67]
  -> Increasing, possibly stability-related

@ 0x00ba9252 (ratio=66.0):
  [1, 1, 1, 1, 1, 1, 1, 1, 1, 1, 1, 1, 1, 1, 1, 1, 1, 1, 65, 66]
  -> Increasing, possibly stability-related

@ 0x00ba9250 (ratio=65.0):
  [1, 1, 1, 1, 1, 1, 1, 1, 1, 1, 1, 1, 1, 1, 1, 1, 1, 1, 1, 65]
  -> Increasing, possibly stability-related

@ 0x00b7e268 (ratio=57.5):
  [771, 1027, 1028, 1284, 1285, 1541, 1542, 1798, 1799, 2055, 2056, 2312, 2313, 2569, 2570, 2826, 2827, 3083, 3084, 44300]

@ 0x010f7c06 (ratio=51.4):
  [255, 13107, 13107, 13107, 13107, 13107, 13107, 13107, 13107, 13107, 13107, 13107, 13107, 13107, 13107, 13107, 13107, 13107, 13107, 13107]

@ 0x00b7e26c (ratio=48.6):
  [1028, 1284, 1285, 1541, 1542, 1798, 1799, 2055, 2056, 2312, 2313, 2569, 2570, 2826, 2827, 3083, 3084, 44300, 47076, 49920]

@ 0x00b7e26a (ratio=45.8):
  [1027, 1028, 1284, 1285, 1541, 1542, 1798, 1799, 2055, 2056, 2312, 2313, 2569, 2570, 2826, 2827, 3083, 3084, 44300, 47076]

@ 0x00ba918e (ratio=45.0):
  [1, 1, 1, 1, 1, 1, 1, 1, 1, 1, 1, 1, 1, 1, 1, 1, 1, 1, 1, 45]
  -> Increasing, possibly stability-related

@ 0x00e6ae0e (ratio=44.4):
  [771, 771, 771, 771, 771, 771, 771, 771, 771, 771, 771, 771, 771, 771, 771, 771, 771, 771, 33539, 34236]

@ 0x00e6ae0c (ratio=43.5):
  [771, 771, 771, 771, 771, 771, 771, 771, 771, 771, 771, 771, 771, 771, 771, 771, 771, 771, 771, 33539]

@ 0x010be3fc (ratio=42.3):
  [255, 255, 255, 255, 255, 255, 255, 255, 255, 255, 255, 255, 255, 255, 255, 255, 255, 255, 255, 10794]

@ 0x0041d9ea (ratio=41.8):
  [257, 257, 257, 257, 257, 257, 257, 257, 257, 257, 257, 257, 257, 257, 257, 257, 257, 257, 257, 10753]

@ 0x01117482 (ratio=38.0):
  [771, 771, 771, 771, 771, 771, 771, 771, 771, 771, 771, 771, 771, 771, 771, 771, 771, 771, 19718, 29281]

@ 0x01103446 (ratio=36.7):
  [771, 771, 771, 771, 771, 771, 771, 771, 771, 771, 771, 771, 771, 771, 771, 771, 1539, 24909, 26482, 28265]

@ 0x01103c64 (ratio=36.7):
  [771, 771, 771, 771, 771, 771, 771, 771, 771, 771, 771, 771, 771, 771, 771, 771, 1539, 24909, 26482, 28265]

@ 0x01104e52 (ratio=36.7):
  [771, 771, 771, 771, 771, 771, 771, 771, 771, 771, 771, 771, 771, 771, 771, 771, 1539, 24909, 26482, 28265]

@ 0x0111018c (ratio=36.7):
  [771, 771, 771, 771, 771, 771, 771, 771, 771, 771, 771, 771, 771, 771, 771, 771, 1539, 24909, 26482, 28265]

@ 0x01129c1c (ratio=36.3):
  [771, 771, 771, 771, 771, 771, 771, 771, 771, 771, 771, 771, 771, 771, 771, 771, 771, 771, 19977, 28021]

@ 0x00e327ec (ratio=36.1):
  [1542, 1542, 1542, 1542, 1542, 1542, 1542, 1542, 1542, 1542, 1542, 1542, 1542, 1542, 1542, 1542, 1542, 1542, 33233, 55601]

@ 0x01103444 (ratio=34.3):
  [771, 771, 771, 771, 771, 771, 771, 771, 771, 771, 771, 771, 771, 771, 771, 771, 771, 1539, 24909, 26482]

@ 0x01103c62 (ratio=34.3):
  [771, 771, 771, 771, 771, 771, 771, 771, 771, 771, 771, 771, 771, 771, 771, 771, 771, 1539, 24909, 26482]

@ 0x01104e50 (ratio=34.3):
  [771, 771, 771, 771, 771, 771, 771, 771, 771, 771, 771, 771, 771, 771, 771, 771, 771, 1539, 24909, 26482]

@ 0x0111018a (ratio=34.3):
  [771, 771, 771, 771, 771, 771, 771, 771, 771, 771, 771, 771, 771, 771, 771, 771, 771, 1539, 24909, 26482]

@ 0x01013712 (ratio=34.3):
  [255, 8738, 8738, 8738, 8738, 8738, 8738, 8738, 8738, 8738, 8738, 8738, 8738, 8738, 8738, 8738, 8738, 8738, 8738, 8738]

@ 0x010143fa (ratio=34.3):
  [255, 8738, 8738, 8738, 8738, 8738, 8738, 8738, 8738, 8738, 8738, 8738, 8738, 8738, 8738, 8738, 8738, 8738, 8738, 8738]

@ 0x010150e2 (ratio=34.3):
  [255, 8738, 8738, 8738, 8738, 8738, 8738, 8738, 8738, 8738, 8738, 8738, 8738, 8738, 8738, 8738, 8738, 8738, 8738, 8738]

@ 0x01015dca (ratio=34.3):
  [255, 8738, 8738, 8738, 8738, 8738, 8738, 8738, 8738, 8738, 8738, 8738, 8738, 8738, 8738, 8738, 8738, 8738, 8738, 8738]

@ 0x01016032 (ratio=34.3):
  [255, 8738, 8738, 8738, 8738, 8738, 8738, 8738, 8738, 8738, 8738, 8738, 8738, 8738, 8738, 8738, 8738, 8738, 8738, 8738]

@ 0x0101629a (ratio=34.3):
  [255, 8738, 8738, 8738, 8738, 8738, 8738, 8738, 8738, 8738, 8738, 8738, 8738, 8738, 8738, 8738, 8738, 8738, 8738, 8738]

@ 0x01016502 (ratio=34.3):
  [255, 8738, 8738, 8738, 8738, 8738, 8738, 8738, 8738, 8738, 8738, 8738, 8738, 8738, 8738, 8738, 8738, 8738, 8738, 8738]

@ 0x010171ea (ratio=34.3):
  [255, 8738, 8738, 8738, 8738, 8738, 8738, 8738, 8738, 8738, 8738, 8738, 8738, 8738, 8738, 8738, 8738, 8738, 8738, 8738]

@ 0x0041d91a (ratio=33.9):
  [257, 257, 257, 257, 257, 257, 257, 257, 257, 257, 257, 257, 257, 257, 257, 257, 257, 3841, 8449, 8705]

@ 0x0041d918 (ratio=32.9):
  [257, 257, 257, 257, 257, 257, 257, 257, 257, 257, 257, 257, 257, 257, 257, 257, 257, 257, 3841, 8449]

@ 0x01103442 (ratio=32.3):
  [771, 771, 771, 771, 771, 771, 771, 771, 771, 771, 771, 771, 771, 771, 771, 771, 771, 771, 1539, 24909]

@ 0x01103c60 (ratio=32.3):
  [771, 771, 771, 771, 771, 771, 771, 771, 771, 771, 771, 771, 771, 771, 771, 771, 771, 771, 1539, 24909]

@ 0x01104e4e (ratio=32.3):
  [771, 771, 771, 771, 771, 771, 771, 771, 771, 771, 771, 771, 771, 771, 771, 771, 771, 771, 1539, 24909]

@ 0x01110188 (ratio=32.3):
  [771, 771, 771, 771, 771, 771, 771, 771, 771, 771, 771, 771, 771, 771, 771, 771, 771, 771, 1539, 24909]

@ 0x00d7f772 (ratio=32.0):
  [1542, 1542, 1542, 1542, 1542, 1542, 1542, 1542, 1542, 1542, 1542, 1542, 1542, 1542, 1542, 1542, 2937, 26951, 29448, 49372]

@ 0x00ba914e (ratio=32.0):
  [1, 1, 1, 1, 1, 1, 1, 1, 1, 1, 1, 1, 1, 1, 1, 1, 1, 1, 1, 32]
  -> Increasing, possibly stability-related

@ 0x0041d8c2 (ratio=32.0):
  [257, 257, 257, 257, 257, 257, 257, 257, 257, 257, 257, 257, 257, 257, 257, 257, 257, 284, 7709, 8223]

@ 0x0041d8c0 (ratio=30.0):
  [257, 257, 257, 257, 257, 257, 257, 257, 257, 257, 257, 257, 257, 257, 257, 257, 257, 257, 284, 7709]

@ 0x00df957c (ratio=27.7):
  [771, 771, 771, 771, 771, 771, 771, 771, 771, 771, 771, 771, 771, 771, 771, 771, 771, 771, 771, 21379]

@ 0x01129c1a (ratio=25.9):
  [771, 771, 771, 771, 771, 771, 771, 771, 771, 771, 771, 771, 771, 771, 771, 771, 771, 771, 771, 19977]

@ 0x01117480 (ratio=25.6):
  [771, 771, 771, 771, 771, 771, 771, 771, 771, 771, 771, 771, 771, 771, 771, 771, 771, 771, 771, 19718]

@ 0x00d7e30c (ratio=23.6):
  [1542, 1542, 1542, 1542, 1542, 1542, 1542, 1542, 1542, 1542, 1542, 1542, 1542, 1542, 1542, 1542, 1542, 1542, 18182, 36364]

@ 0x00ba7b1e (ratio=22.9):
  [875, 1047, 1201, 1361, 10001, 10002, 10003, 10004, 10005, 10006, 10007, 10008, 10010, 10017, 10021, 10029, 10079, 10081, 10082, 20000]

@ 0x00e327ea (ratio=21.6):
  [1542, 1542, 1542, 1542, 1542, 1542, 1542, 1542, 1542, 1542, 1542, 1542, 1542, 1542, 1542, 1542, 1542, 1542, 1542, 33233]

@ 0x00ba107c (ratio=20.6):
  [11, 13, 15, 17, 19, 23, 27, 31, 35, 43, 51, 59, 67, 83, 99, 115, 131, 163, 195, 227]
  -> APPROXIMATELY LOG-SPACED - POSSIBLY STABILITY BOUNDARIES

@ 0x00ba107e (ratio=19.8):
  [13, 15, 17, 19, 23, 27, 31, 35, 43, 51, 59, 67, 83, 99, 115, 131, 163, 195, 227, 258]
  -> APPROXIMATELY LOG-SPACED - POSSIBLY STABILITY BOUNDARIES

@ 0x00ba106c (ratio=19.7):
  [3, 4, 5, 6, 7, 8, 9, 10, 11, 13, 15, 17, 19, 23, 27, 31, 35, 43, 51, 59]
  -> Increasing, possibly stability-related

@ 0x00ba107a (ratio=19.5):
  [10, 11, 13, 15, 17, 19, 23, 27, 31, 35, 43, 51, 59, 67, 83, 99, 115, 131, 163, 195]
  -> APPROXIMATELY LOG-SPACED - POSSIBLY STABILITY BOUNDARIES

@ 0x00ba7b20 (ratio=19.1):
  [1047, 1201, 1361, 10001, 10002, 10003, 10004, 10005, 10006, 10007, 10008, 10010, 10017, 10021, 10029, 10079, 10081, 10082, 20000, 20001]

@ 0x00d7f770 (ratio=19.1):
  [1542, 1542, 1542, 1542, 1542, 1542, 1542, 1542, 1542, 1542, 1542, 1542, 1542, 1542, 1542, 1542, 1542, 2937, 26951, 29448]

@ 0x005a6faa (ratio=18.7):
  [1542, 1542, 1542, 1542, 1542, 1542, 1542, 1798, 1799, 1799, 1799, 1799, 1799, 1799, 1799, 2055, 2056, 2313, 2569, 28811]

@ 0x00ba1078 (ratio=18.1):
  [9, 10, 11, 13, 15, 17, 19, 23, 27, 31, 35, 43, 51, 59, 67, 83, 99, 115, 131, 163]
  -> Increasing, possibly stability-related

@ 0x00d7f76e (ratio=17.5):
  [1542, 1542, 1542, 1542, 1542, 1542, 1542, 1542, 1542, 1542, 1542, 1542, 1542, 1542, 1542, 1542, 1542, 1542, 2937, 26951]

@ 0x01015bd2 (ratio=17.1):
  [512, 8738, 8738, 8738, 8738, 8738, 8738, 8738, 8738, 8738, 8738, 8738, 8738, 8738, 8738, 8738, 8738, 8738, 8738, 8738]

@ 0x01015c9a (ratio=17.1):
  [512, 8738, 8738, 8738, 8738, 8738, 8738, 8738, 8738, 8738, 8738, 8738, 8738, 8738, 8738, 8738, 8738, 8738, 8738, 8738]

@ 0x01016346 (ratio=17.1):
  [512, 8738, 8738, 8738, 8738, 8738, 8738, 8738, 8738, 8738, 8738, 8738, 8738, 8738, 8738, 8738, 8738, 8738, 8738, 8738]

@ 0x00ba106e (ratio=16.8):
  [4, 5, 6, 7, 8, 9, 10, 11, 13, 15, 17, 19, 23, 27, 31, 35, 43, 51, 59, 67]
  -> Increasing, possibly stability-related

@ 0x00ba7b22 (ratio=16.7):
  [1201, 1361, 10001, 10002, 10003, 10004, 10005, 10006, 10007, 10008, 10010, 10017, 10021, 10029, 10079, 10081, 10082, 20000, 20001, 20002]

@ 0x00ba1070 (ratio=16.6):
  [5, 6, 7, 8, 9, 10, 11, 13, 15, 17, 19, 23, 27, 31, 35, 43, 51, 59, 67, 83]
  -> Increasing, possibly stability-related

@ 0x00ba1072 (ratio=16.5):
  [6, 7, 8, 9, 10, 11, 13, 15, 17, 19, 23, 27, 31, 35, 43, 51, 59, 67, 83, 99]
  -> Increasing, possibly stability-related

@ 0x00ba1074 (ratio=16.4):
  [7, 8, 9, 10, 11, 13, 15, 17, 19, 23, 27, 31, 35, 43, 51, 59, 67, 83, 99, 115]
  -> Increasing, possibly stability-related

@ 0x00ba1076 (ratio=16.4):
  [8, 9, 10, 11, 13, 15, 17, 19, 23, 27, 31, 35, 43, 51, 59, 67, 83, 99, 115, 131]
  -> Increasing, possibly stability-related

@ 0x00ba19ac (ratio=16.1):
  [256, 770, 1284, 1798, 2056, 2313, 2570, 2827, 3084, 3084, 3341, 3341, 3598, 3598, 3855, 3855, 4112, 4112, 4112, 4112]
  -> Increasing, possibly stability-related

@ 0x005a7fc2 (ratio=15.1):
  [256, 257, 514, 770, 771, 1028, 1284, 1285, 1542, 1798, 2055, 2312, 2569, 2826, 3083, 3340, 3341, 3597, 3598, 3854]
  -> Increasing, possibly stability-related

@ 0x00b79162 (ratio=15.1):
  [256, 257, 514, 770, 771, 1028, 1284, 1285, 1542, 1798, 2055, 2312, 2569, 2826, 3083, 3340, 3341, 3597, 3598, 3854]
  -> Increasing, possibly stability-related

@ 0x005a7fc4 (ratio=15.0):
  [257, 514, 770, 771, 1028, 1284, 1285, 1542, 1798, 2055, 2312, 2569, 2826, 3083, 3340, 3341, 3597, 3598, 3854, 3855]
  -> Increasing, possibly stability-related

@ 0x00b79164 (ratio=15.0):
  [257, 514, 770, 771, 1028, 1284, 1285, 1542, 1798, 2055, 2312, 2569, 2826, 3083, 3340, 3341, 3597, 3598, 3854, 3855]
  -> Increasing, possibly stability-related

@ 0x0041d916 (ratio=14.9):
  [257, 257, 257, 257, 257, 257, 257, 257, 257, 257, 257, 257, 257, 257, 257, 257, 257, 257, 257, 3841]
  -> Increasing, possibly stability-related

@ 0x00ba7b24 (ratio=14.7):
  [1361, 10001, 10002, 10003, 10004, 10005, 10006, 10007, 10008, 10010, 10017, 10021, 10029, 10079, 10081, 10082, 20000, 20001, 20002, 20003]

@ 0x00f4d4d2 (ratio=14.2):
  [3341, 3341, 3341, 3341, 3341, 3341, 3341, 3341, 3341, 3341, 3341, 3341, 3341, 3341, 3341, 3341, 3341, 3341, 35725, 47371]

@ 0x0041d1cc (ratio=13.0):
  [514, 514, 1799, 1799, 1799, 3598, 3598, 3598, 3598, 3598, 3598, 3598, 3598, 3855, 3855, 6682, 6682, 6682, 6682, 6682]

@ 0x0041d1ce (ratio=13.0):
  [514, 1799, 1799, 1799, 3598, 3598, 3598, 3598, 3598, 3598, 3598, 3598, 3855, 3855, 6682, 6682, 6682, 6682, 6682, 6682]

@ 0x00b7de6c (ratio=12.0):
  [256, 257, 257, 257, 513, 770, 771, 771, 1027, 1541, 1542, 1798, 1799, 2312, 2313, 2569, 2827, 3084, 3084, 3084]
  -> Increasing, possibly stability-related

@ 0x00b7de6e (ratio=12.0):
  [257, 257, 257, 513, 770, 771, 771, 1027, 1541, 1542, 1798, 1799, 2312, 2313, 2569, 2827, 3084, 3084, 3084, 3084]
  -> Increasing, possibly stability-related

@ 0x00d7e30a (ratio=11.8):
  [1542, 1542, 1542, 1542, 1542, 1542, 1542, 1542, 1542, 1542, 1542, 1542, 1542, 1542, 1542, 1542, 1542, 1542, 1542, 18182]

@ 0x00ba7b1a (ratio=11.7):
  [862, 874, 875, 1047, 1201, 1361, 10001, 10002, 10003, 10004, 10005, 10006, 10007, 10008, 10010, 10017, 10021, 10029, 10079, 10081]

@ 0x00ba7b1c (ratio=11.5):
  [874, 875, 1047, 1201, 1361, 10001, 10002, 10003, 10004, 10005, 10006, 10007, 10008, 10010, 10017, 10021, 10029, 10079, 10081, 10082]

@ 0x005a8b0a (ratio=11.0):
  [257, 514, 514, 770, 771, 771, 1028, 1028, 1284, 1285, 1285, 1542, 1542, 1798, 1799, 1799, 2056, 2056, 2312, 2826]
  -> Increasing, possibly stability-related

@ 0x00b7e260 (ratio=11.0):
  [257, 513, 514, 770, 771, 1027, 1028, 1284, 1285, 1541, 1542, 1798, 1799, 2055, 2056, 2312, 2313, 2569, 2570, 2826]
  -> Increasing, possibly stability-related

@ 0x00f4c026 (ratio=10.8):
  [3341, 3341, 3341, 3341, 3341, 3341, 3341, 3341, 3341, 3341, 3341, 3341, 3341, 3341, 3341, 3341, 3341, 3341, 3341, 36109]

@ 0x00f4c9de (ratio=10.8):
  [3341, 3341, 3341, 3341, 3341, 3341, 3341, 3341, 3341, 3341, 3341, 3341, 3341, 3341, 3341, 3341, 3341, 3341, 3341, 36109]

@ 0x00f4d4d0 (ratio=10.7):
  [3341, 3341, 3341, 3341, 3341, 3341, 3341, 3341, 3341, 3341, 3341, 3341, 3341, 3341, 3341, 3341, 3341, 3341, 3341, 35725]

@ 0x00ba5228 (ratio=10.2):
  [2569, 5910, 6424, 9498, 10022, 10536, 13354, 13877, 14391, 14905, 17475, 17989, 18503, 19017, 21587, 22101, 22615, 23129, 25699, 26213]

@ 0x00f35802 (ratio=10.2):
  [5654, 5654, 5654, 5654, 5654, 5654, 5654, 5654, 5654, 5654, 5654, 5654, 5654, 5654, 5654, 5654, 5654, 5654, 32534, 57414]

@ 0x00b7e25e (ratio=10.0):
  [256, 257, 513, 514, 770, 771, 1027, 1028, 1284, 1285, 1541, 1542, 1798, 1799, 2055, 2056, 2312, 2313, 2569, 2570]
  -> Increasing, possibly stability-related

@ 0x00ba17ac (ratio=10.0):
  [256, 770, 1028, 1285, 1542, 1542, 1799, 1799, 2056, 2056, 2056, 2056, 2313, 2313, 2313, 2313, 2570, 2570, 2570, 2570]
  -> Increasing, possibly stability-related

@ 0x00ba9118 (ratio=10.0):
  [1, 1, 1, 1, 1, 1, 1, 1, 1, 1, 1, 1, 1, 1, 1, 1, 1, 1, 1, 10]
  -> Increasing, possibly stability-related

@ 0x00e8177a (ratio=9.8):
  [5654, 5654, 5654, 5654, 5654, 5654, 5654, 5654, 5654, 5654, 5654, 5654, 5654, 5654, 5654, 5654, 5654, 5654, 25878, 55313]

@ 0x00d695f8 (ratio=9.8):
  [6682, 6682, 6682, 6682, 6682, 6682, 6682, 6682, 6682, 6682, 6682, 6682, 6682, 6682, 6682, 6682, 6682, 6682, 6682, 65306]

@ 0x00d69fac (ratio=9.8):
  [6682, 6682, 6682, 6682, 6682, 6682, 6682, 6682, 6682, 6682, 6682, 6682, 6682, 6682, 6682, 6682, 6682, 6682, 6682, 65306]

@ 0x005a8b08 (ratio=9.0):
  [257, 257, 514, 514, 770, 771, 771, 1028, 1028, 1284, 1285, 1285, 1542, 1542, 1798, 1799, 1799, 2056, 2056, 2312]
  -> Increasing, possibly stability-related

@ 0x00b79eb0 (ratio=9.0):
  [257, 257, 514, 514, 770, 771, 771, 1028, 1028, 1284, 1285, 1285, 1542, 1542, 1798, 1799, 1799, 2056, 2056, 2312]
  -> Increasing, possibly stability-related

@ 0x005a8008 (ratio=8.6):
  [5910, 5911, 6167, 6168, 6424, 6425, 6681, 6682, 6938, 6939, 7195, 7196, 7452, 7966, 8480, 8994, 9508, 12838, 23171, 50944]

@ 0x00b791a6 (ratio=8.3):
  [5654, 5910, 5911, 6167, 6168, 6424, 6425, 6681, 6682, 6938, 6939, 7195, 7196, 7452, 7966, 8480, 8994, 9508, 28454, 47000]

@ 0x005a8b06 (ratio=8.0):
  [256, 257, 257, 514, 514, 770, 771, 771, 1028, 1028, 1284, 1285, 1285, 1542, 1542, 1798, 1799, 1799, 2056, 2056]
  -> Increasing, possibly stability-related

@ 0x00b79eae (ratio=8.0):
  [256, 257, 257, 514, 514, 770, 771, 771, 1028, 1028, 1284, 1285, 1285, 1542, 1542, 1798, 1799, 1799, 2056, 2056]
  -> Increasing, possibly stability-related

@ 0x00e96f6a (ratio=8.0):
  [6168, 6168, 6168, 6168, 6168, 6168, 6168, 6168, 6168, 6168, 6168, 6168, 6168, 6168, 6168, 6168, 6168, 6168, 24348, 49464]

@ 0x00f6233c (ratio=8.0):
  [6168, 6168, 6168, 6168, 6168, 6168, 6168, 6168, 6168, 6168, 6168, 6168, 6168, 6168, 6168, 6168, 6168, 6168, 23324, 49464]

@ 0x005a7fc6 (ratio=8.0):
  [514, 770, 771, 1028, 1284, 1285, 1542, 1798, 2055, 2312, 2569, 2826, 3083, 3340, 3341, 3597, 3598, 3854, 3855, 4111]
  -> Increasing, possibly stability-related

@ 0x00b79166 (ratio=8.0):
  [514, 770, 771, 1028, 1284, 1285, 1542, 1798, 2055, 2312, 2569, 2826, 3083, 3340, 3341, 3597, 3598, 3854, 3855, 4111]
  -> Increasing, possibly stability-related

@ 0x005a6fa2 (ratio=8.0):
  [257, 513, 1027, 1541, 1542, 1542, 1542, 1542, 1542, 1542, 1542, 1798, 1799, 1799, 1799, 1799, 1799, 1799, 1799, 2055]
  -> Increasing, possibly stability-related

@ 0x01018426 (ratio=7.5):
  [514, 514, 514, 514, 514, 514, 514, 514, 514, 514, 514, 514, 514, 514, 514, 514, 514, 3313, 3853, 3855]
  -> Increasing, possibly stability-related

@ 0x01018424 (ratio=7.5):
  [514, 514, 514, 514, 514, 514, 514, 514, 514, 514, 514, 514, 514, 514, 514, 514, 514, 514, 3313, 3853]
  -> Increasing, possibly stability-related

@ 0x005a6f9e (ratio=7.0):
  [256, 257, 257, 513, 1027, 1541, 1542, 1542, 1542, 1542, 1542, 1542, 1542, 1798, 1799, 1799, 1799, 1799, 1799, 1799]
  -> Increasing, possibly stability-related

@ 0x005a6fa0 (ratio=7.0):
  [257, 257, 513, 1027, 1541, 1542, 1542, 1542, 1542, 1542, 1542, 1542, 1798, 1799, 1799, 1799, 1799, 1799, 1799, 1799]
  -> Increasing, possibly stability-related

@ 0x00a35944 (ratio=6.8):
  [9, 32, 33, 34, 35, 36, 37, 38, 39, 40, 41, 42, 43, 44, 45, 46, 47, 59, 60, 61]
  -> Increasing, possibly stability-related

@ 0x01018422 (ratio=6.4):
  [514, 514, 514, 514, 514, 514, 514, 514, 514, 514, 514, 514, 514, 514, 514, 514, 514, 514, 514, 3313]
  -> Increasing, possibly stability-related

@ 0x010be424 (ratio=6.1):
  [42, 255, 255, 255, 255, 255, 255, 255, 255, 255, 255, 255, 255, 255, 255, 255, 255, 255, 255, 255]
  -> Increasing, possibly stability-related

@ 0x00b7e264 (ratio=6.0):
  [514, 770, 771, 1027, 1028, 1284, 1285, 1541, 1542, 1798, 1799, 2055, 2056, 2312, 2313, 2569, 2570, 2826, 2827, 3083]
  -> Increasing, possibly stability-related

@ 0x010188a8 (ratio=6.0):
  [514, 514, 514, 514, 514, 514, 514, 514, 514, 514, 514, 514, 514, 514, 514, 514, 1028, 1028, 1260, 3076]
  -> Increasing, possibly stability-related

@ 0x00f35800 (ratio=5.8):
  [5654, 5654, 5654, 5654, 5654, 5654, 5654, 5654, 5654, 5654, 5654, 5654, 5654, 5654, 5654, 5654, 5654, 5654, 5654, 32534]

@ 0x00ba19ae (ratio=5.7):
  [770, 1284, 1798, 2056, 2313, 2570, 2827, 3084, 3084, 3341, 3341, 3598, 3598, 3855, 3855, 4112, 4112, 4112, 4112, 4369]
  -> Increasing, possibly stability-related

@ 0x005a7fca (ratio=5.7):
  [771, 1028, 1284, 1285, 1542, 1798, 2055, 2312, 2569, 2826, 3083, 3340, 3341, 3597, 3598, 3854, 3855, 4111, 4112, 4368]
  -> Increasing, possibly stability-related

@ 0x00b7916a (ratio=5.7):
  [771, 1028, 1284, 1285, 1542, 1798, 2055, 2312, 2569, 2826, 3083, 3340, 3341, 3597, 3598, 3854, 3855, 4111, 4112, 4368]
  -> Increasing, possibly stability-related

@ 0x00b7e262 (ratio=5.5):
  [513, 514, 770, 771, 1027, 1028, 1284, 1285, 1541, 1542, 1798, 1799, 2055, 2056, 2312, 2313, 2569, 2570, 2826, 2827]
  -> Increasing, possibly stability-related

@ 0x005a7fc8 (ratio=5.3):
  [770, 771, 1028, 1284, 1285, 1542, 1798, 2055, 2312, 2569, 2826, 3083, 3340, 3341, 3597, 3598, 3854, 3855, 4111, 4112]
  -> Increasing, possibly stability-related

@ 0x00b79168 (ratio=5.3):
  [770, 771, 1028, 1284, 1285, 1542, 1798, 2055, 2312, 2569, 2826, 3083, 3340, 3341, 3597, 3598, 3854, 3855, 4111, 4112]
  -> Increasing, possibly stability-related

@ 0x00ba7b42 (ratio=5.2):
  [10082, 20000, 20001, 20002, 20003, 20004, 20005, 20105, 20106, 20107, 20108, 20261, 20269, 20833, 20936, 20949, 21025, 29001, 50227, 51936]

@ 0x00b791a4 (ratio=5.0):
  [5653, 5654, 5910, 5911, 6167, 6168, 6424, 6425, 6681, 6682, 6938, 6939, 7195, 7196, 7452, 7966, 8480, 8994, 9508, 28454]